1 0.18203125 0.2 0.1328125 0.1171875
1 0.3390625 0.15078125 0.1328125 0.103125
1 0.25859375 0.16015625 0.0796875 0.08125
1 0.175 0.1296875 0.1203125 0.09375
1 0.1171875 0.19765625 0.0875 0.075
1 0.06171875 0.21640625 0.1078125 0.1140625
1 0.0359375 0.14921875 0.071875 0.1078125
1 0.41640625 0.15390625 0.084375 0.0875
1 0.5140625 0.1921875 0.096875 0.0859375
1 0.540625 0.09296875 0.0890625 0.0828125
1 0.60703125 0.16484375 0.0921875 0.0765625
1 0.68359375 0.13203125 0.10625 0.0921875
1 0.79453125 0.11875 0.071875 0.0609375
1 0.7640625 0.17890625 0.05625 0.0609375
1 0.734375 0.1375 0.059375 0.0609375
1 0.8734375 0.1171875 0.0875 0.08125
1 0.82890625 0.140625 0.0546875 0.059375
2 0.175 0.6296875 0.35 0.671875
2 0.4109375 0.43515625 0.25625 0.4328125
2 0.57890625 0.425 0.1875 0.321875
2 0.91484375 0.31015625 0.1609375 0.26875