1 0.15234375 0.1515625 0.1359375 0.11875
1 0.315625 0.10234375 0.1375 0.10625
1 0.23203125 0.11015625 0.0828125 0.084375
1 0.15 0.08984375 0.11875 0.0671875
1 0.08515625 0.146875 0.0890625 0.0765625
1 0.04140625 0.16484375 0.0828125 0.1171875
1 0.396875 0.1078125 0.0859375 0.090625
1 0.49765625 0.1484375 0.1 0.0875
1 0.52734375 0.04609375 0.0921875 0.084375
1 0.59453125 0.121875 0.0953125 0.0796875
1 0.67421875 0.0890625 0.109375 0.09375
1 0.790625 0.07734375 0.0734375 0.0625
1 0.75703125 0.1390625 0.0578125 0.0625
1 0.72734375 0.0953125 0.0609375 0.0625
1 0.87265625 0.07734375 0.0890625 0.0828125
1 0.82578125 0.1015625 0.05625 0.0625
2 0.15625 0.59296875 0.3125 0.6890625
2 0.3859375 0.39921875 0.259375 0.4484375
2 0.56015625 0.39140625 0.190625 0.334375
2 0.91015625 0.2796875 0.1578125 0.278125