1 0.26328125 0.12890625 0.11015625 0.0890625
1 0.4234375 0.11875 0.11484375 0.07578125
1 0.34453125 0.10859375 0.0640625 0.065625
1 0.2734375 0.06015625 0.1046875 0.0671875
1 0.20234375 0.1109375 0.0734375 0.05625
1 0.14609375 0.115625 0.08515625 0.09375
1 0.08359375 0.034375 0.1671875 0.06875
1 0.4953125 0.140625 0.06640625 0.071875
1 0.57890625 0.19921875 0.08046875 0.065625
1 0.628125 0.11171875 0.0734375 0.06484375
1 0.6734375 0.1953125 0.07890625 0.0578125
1 0.75390625 0.18203125 0.0890625 0.0703125
1 0.86171875 0.19609375 0.0609375 0.0453125
1 0.81796875 0.2453125 0.04375 0.05078125
1 0.80078125 0.19921875 0.046875 0.04921875
1 0.93671875 0.21328125 0.07109375 0.06328125
1 0.8890625 0.22578125 0.04296875 0.04921875
2 0.128125 0.52734375 0.25546875 0.61171875
2 0.42421875 0.4046875 0.159375 0.39453125
2 0.58515625 0.434375 0.11484375 0.29453125
2 0.93671875 0.40546875 0.1109375 0.24453125