1 0.4140625 0.07421875 0.1078125 0.115625
1 0.78203125 0.13046875 0.2953125 0.2609375
1 0.13828125 0.5859375 0.0921875 0.109375
1 0.85546875 0.37578125 0.2796875 0.2296875
2 0.54609375 0.84609375 0.2578125 0.3078125
2 0.46640625 0.390625 0.225 0.4046875
2 0.84609375 0.75390625 0.3078125 0.4171875
2 0.146875 0.7265625 0.128125 0.2015625
3 0.11484375 0.2265625 0.2296875 0.35625
3 0.590625 0.61484375 0.09375 0.109375
3 0.42421875 0.6484375 0.1109375 0.1453125
5 0.14140625 0.98046875 0.0796875 0.0390625
3 0.17421875 0.73203125 0.0546875 0.0828125
3 0.221875 0.684375 0.0546875 0.0875