1 0.41640625 0.09296875 0.1078125 0.1140625
1 0.11953125 0.24921875 0.2390625 0.3203125
1 0.85078125 0.45234375 0.0921875 0.1078125
1 0.1328125 0.52421875 0.265625 0.2296875
2 0.58046875 0.8421875 0.2609375 0.315625
2 0.48359375 0.39609375 0.23125 0.3953125
2 0.24140625 0.83359375 0.3796875 0.3328125
2 0.89375 0.58359375 0.1296875 0.196875
3 0.77109375 0.1421875 0.3046875 0.284375
3 0.453125 0.64375 0.09375 0.1078125
3 0.61484375 0.6140625 0.1109375 0.1421875
5 0.98125 0.83984375 0.0375 0.1046875
3 0.87109375 0.59765625 0.0546875 0.08125
3 0.81171875 0.571875 0.05625 0.0859375