1 0.5015625 0.084375 0.08515625 0.09453125
1 0.165625 0.1671875 0.23203125 0.265625
1 0.8359375 0.509375 0.07109375 0.090625
1 0.14375 0.43203125 0.23359375 0.175
2 0.50546875 0.82421875 0.196875 0.2734375
2 0.503125 0.38359375 0.15078125 0.35546875
2 0.18125 0.796875 0.296875 0.36953125
2 0.85078125 0.63984375 0.090625 0.1734375
3 0.8328125 0.1625 0.23203125 0.3140625
3 0.42578125 0.609375 0.071875 0.090625
3 0.58359375 0.6125 0.0828125 0.121875
5 0.90234375 0.90234375 0.059375 0.090625
3 0.8265625 0.6484375 0.03828125 0.071875
3 0.7765625 0.61328125 0.03828125 0.0765625