1 0.86015625 0.08203125 0.2671875 0.1640625
1 0.065625 0.45625 0.05 0.0578125
1 0.32734375 0.5671875 0.01875 0.0546875
1 0.26640625 0.53671875 0.0296875 0.0453125
1 0.10546875 0.54296875 0.034375 0.0671875
2 0.053125 0.57578125 0.084375 0.1828125
2 0.16015625 0.55859375 0.0765625 0.1328125
2 0.3640625 0.58046875 0.0671875 0.090625
2 0.26953125 0.56171875 0.059375 0.078125
2 0.89375 0.74765625 0.2125 0.4921875
3 0.625 0.43671875 0.115625 0.2796875
3 0.0078125 0.69140625 0.0109375 0.06875
3 0.04453125 0.74375 0.0390625 0.084375
3 0.3265625 0.69296875 0.028125 0.034375
3 0.26171875 0.6921875 0.03125 0.0375