1 0.1359375 0.08515625 0.271875 0.1640625
1 0.915625 0.421875 0.046875 0.05625
1 0.98828125 0.41015625 0.021875 0.0796875
1 0.6703125 0.53671875 0.01875 0.053125
1 0.72734375 0.50546875 0.0265625 0.04375
1 0.88125 0.50546875 0.0328125 0.0640625
2 0.93203125 0.5359375 0.0796875 0.1765625
2 0.8296875 0.52265625 0.0734375 0.128125
2 0.6359375 0.55078125 0.0640625 0.0875
2 0.725 0.5296875 0.0578125 0.075
2 0.11953125 0.746875 0.2390625 0.50625
3 0.38125 0.421875 0.1109375 0.26875
3 0.98671875 0.64375 0.0265625 0.065625
3 0.9453125 0.696875 0.0375 0.08125
3 0.675 0.6578125 0.0265625 0.034375
3 0.73671875 0.65546875 0.03125 0.0359375