1 0.85859375 0.08359375 0.2796875 0.1671875
1 0.0890625 0.43125 0.0453125 0.05390625
1 0.0140625 0.42265625 0.028125 0.0765625
1 0.33359375 0.540625 0.0171875 0.05078125
1 0.2765625 0.5109375 0.0265625 0.0421875
1 0.125 0.51328125 0.03125 0.0625
2 0.075 0.54375 0.0765625 0.171875
2 0.1765625 0.52890625 0.06953125 0.125
2 0.3671875 0.553125 0.06171875 0.08515625
2 0.27890625 0.534375 0.05546875 0.07265625
2 0.88359375 0.7453125 0.2328125 0.509375
3 0.615625 0.421875 0.1046875 0.2625
3 0.01875 0.65234375 0.0359375 0.065625
3 0.06484375 0.70234375 0.03515625 0.0796875
3 0.33046875 0.65859375 0.0265625 0.0328125
3 0.26953125 0.6578125 0.0296875 0.03515625