1 0.4078125 0.45078125 0.10625 0.1140625
1 0.3515625 0.446875 0.0671875 0.096875
1 0.16953125 0.45546875 0.1109375 0.103125
1 0.0640625 0.48359375 0.0953125 0.0921875
1 0.0984375 0.465625 0.0375 0.0546875
1 0.1171875 0.45 0.0421875 0.040625
1 0.21328125 0.4234375 0.03125 0.0390625
1 0.2328125 0.41953125 0.0296875 0.0390625
1 0.26953125 0.4203125 0.0296875 0.034375
1 0.31328125 0.4015625 0.0265625 0.0234375
1 0.3484375 0.38828125 0.03125 0.03125
1 0.453125 0.36796875 0.0296875 0.034375
1 0.525 0.34140625 0.0265625 0.025
1 0.5890625 0.365625 0.10625 0.134375
1 0.6484375 0.27265625 0.0734375 0.084375
1 0.68828125 0.2671875 0.03125 0.0375
1 0.746875 0.2734375 0.034375 0.0328125
1 0.9203125 0.21015625 0.0484375 0.0546875
1 0.8765625 0.23046875 0.053125 0.059375
1 0.853125 0.21015625 0.0234375 0.028125
1 0.815625 0.2328125 0.1109375 0.1
5 0.51015625 0.56953125 0.0296875 0.0296875
5 0.53671875 0.5515625 0.0234375 0.028125
5 0.33125 0.609375 0.0265625 0.025
5 0.3375 0.58515625 0.0171875 0.0203125
5 0.55703125 0.4765625 0.0171875 0.03125
5 0.83046875 0.86328125 0.071875 0.084375
5 0.74140625 0.47109375 0.021875 0.03125
2 0.47734375 0.425 0.053125 0.075
1 0.2296875 0.47265625 0.0390625 0.0640625