1 0.43203125 0.4171875 0.1015625 0.1109375
1 0.3828125 0.3890625 0.0609375 0.0953125
1 0.2109375 0.31875 0.1078125 0.0984375
1 0.1015625 0.3 0.0921875 0.0875
1 0.140625 0.296875 0.034375 0.0546875
1 0.16484375 0.290625 0.040625 0.0390625
1 0.265625 0.3078125 0.028125 0.0390625
1 0.284375 0.31328125 0.028125 0.0390625
1 0.31796875 0.32890625 0.0265625 0.0328125
1 0.3671875 0.33125 0.025 0.021875
1 0.4046875 0.334375 0.0296875 0.03125
1 0.51015625 0.36015625 0.0265625 0.0328125
1 0.5875 0.36640625 0.0265625 0.0234375
1 0.63671875 0.4171875 0.1 0.13125
1 0.73203125 0.35625 0.0703125 0.0828125
1 0.7703125 0.36953125 0.028125 0.0359375
1 0.82109375 0.40078125 0.0328125 0.03125
1 0.99296875 0.41484375 0.0140625 0.0515625
1 0.96015625 0.41640625 0.0515625 0.0578125
1 0.94765625 0.3875 0.0234375 0.028125
1 0.903125 0.39140625 0.1078125 0.0953125
5 0.4765625 0.5703125 0.028125 0.028125
5 0.5078125 0.565625 0.0234375 0.028125
5 0.29375 0.5296875 0.0265625 0.0234375
5 0.31015625 0.51015625 0.015625 0.01875
5 0.559375 0.50546875 0.015625 0.0296875
5 0.64453125 0.96875 0.0671875 0.0625
5 0.028125 0.89296875 0.05625 0.0671875
5 0.73203125 0.57890625 0.0203125 0.03125
2 0.5078125 0.4234375 0.046875 0.075
1 0.25859375 0.36171875 0.034375 0.0640625