1 0.4203125 0.421875 0.0828125 0.09296875
1 0.36875 0.403125 0.04453125 0.0859375
1 0.19453125 0.36484375 0.090625 0.08046875
1 0.0875 0.36484375 0.078125 0.071875
1 0.12421875 0.35625 0.025 0.04921875
1 0.14609375 0.346875 0.034375 0.03203125
1 0.24453125 0.34609375 0.021875 0.03359375
1 0.26328125 0.34765625 0.02109375 0.03359375
1 0.29765625 0.35703125 0.021875 0.028125
1 0.34453125 0.35078125 0.02109375 0.01796875
1 0.38046875 0.34765625 0.02421875 0.025
1 0.484375 0.3546875 0.021875 0.028125
1 0.559375 0.34765625 0.021875 0.01953125
1 0.6140625 0.38671875 0.0765625 0.115625
1 0.69375 0.31328125 0.05625 0.0703125
1 0.7328125 0.31953125 0.02265625 0.03125
1 0.78671875 0.340625 0.02734375 0.025
1 0.975 0.325 0.05 0.0453125
1 0.9203125 0.3328125 0.04140625 0.04921875
1 0.90390625 0.30703125 0.01796875 0.02421875
1 0.8625 0.31875 0.090625 0.07734375
5 0.48828125 0.559375 0.0234375 0.02421875
5 0.51640625 0.54921875 0.01796875 0.02421875
5 0.3078125 0.5515625 0.021875 0.01953125
5 0.3203125 0.53046875 0.0125 0.0171875
5 0.55546875 0.48359375 0.009375 0.028125
5 0.715625 0.91796875 0.053125 0.071875
5 0.09609375 0.95546875 0.090625 0.071875
5 0.73203125 0.52421875 0.015625 0.028125
2 0.49375 0.41484375 0.03515625 0.0671875
1 0.246875 0.39765625 0.02421875 0.0578125