1 0.5203125 0.51328125 0.0640625 0.09609375
1 0.24765625 0.103125 0.1546875 0.1859375
1 0.5203125 0.1953125 0.04609375 0.065625
1 0.6296875 0.46796875 0.06875 0.1140625
1 0.87578125 0.12578125 0.0515625 0.065625
3 0.834375 0.328125 0.03359375 0.0390625
3 0.4921875 0.3265625 0.02421875 0.046875
3 0.5125 0.3265625 0.01875 0.0390625
3 0.60390625 0.73125 0.0265625 0.07109375
3 0.5375 0.75234375 0.04140625 0.0515625
3 0.5375 0.68125 0.01640625 0.0515625
3 0.5890625 0.65546875 0.0359375 0.053125
3 0.1 0.6453125 0.06953125 0.084375
3 0.328125 0.45859375 0.05703125 0.08359375
5 0.325 0.93515625 0.11328125 0.07890625
5 0.26171875 0.98046875 0.103125 0.0390625
5 0.6546875 0.81796875 0.04375 0.0609375
5 0.49921875 0.7765625 0.040625 0.053125
5 0.75625 0.6015625 0.0203125 0.0390625
5 0.803125 0.6296875 0.04765625 0.0515625