1 0.4640625 0.4859375 0.0859375 0.1140625
1 0.828125 0.1328125 0.190625 0.18125
1 0.52890625 0.15390625 0.0609375 0.078125
1 0.35859375 0.4171875 0.0953125 0.1328125
1 0.17109375 0.0234375 0.0671875 0.046875
3 0.17421875 0.22890625 0.04375 0.046875
3 0.53125 0.296875 0.034375 0.0546875
3 0.51015625 0.29296875 0.028125 0.04375
3 0.33203125 0.69765625 0.0421875 0.0796875
3 0.39765625 0.73203125 0.053125 0.0625
3 0.41171875 0.65859375 0.0265625 0.05625
3 0.36328125 0.62109375 0.0484375 0.0625
3 0.87578125 0.709375 0.090625 0.103125
3 0.675 0.46796875 0.0765625 0.0984375
5 0.58125 0.95703125 0.134375 0.0859375
5 0.26171875 0.77734375 0.0578125 0.071875
5 0.4328125 0.765625 0.053125 0.0640625
5 0.19921875 0.53046875 0.0296875 0.0453125
5 0.14453125 0.55078125 0.0609375 0.0640625