1 0.5296875 0.51875 0.0875 0.1109375
1 0.1578125 0.17890625 0.2 0.2234375
1 0.45 0.20234375 0.0609375 0.075
1 0.6265625 0.446875 0.096875 0.1296875
1 0.7859375 0.04609375 0.0671875 0.0765625
3 0.79453125 0.25703125 0.04375 0.046875
3 0.4546875 0.33984375 0.0359375 0.053125
3 0.475 0.334375 0.028125 0.04375
3 0.66640625 0.7140625 0.04375 0.0765625
3 0.60546875 0.7515625 0.053125 0.0609375
3 0.5875 0.68125 0.028125 0.0546875
3 0.6328125 0.6421875 0.0484375 0.0609375
3 0.1453125 0.753125 0.090625 0.1015625
3 0.32578125 0.5109375 0.078125 0.096875
5 0.4390625 0.96640625 0.13125 0.0671875
5 0.73828125 0.7875 0.0578125 0.071875
5 0.5734375 0.784375 0.053125 0.0625
5 0.784375 0.54765625 0.0296875 0.04375
5 0.8390625 0.5640625 0.059375 0.0625