1 0.83828125 0.07421875 0.1234375 0.0984375
1 0.29609375 0.34609375 0.09375 0.0828125
1 0.053125 0.29453125 0.0265625 0.0375
1 0.3609375 0.390625 0.0296875 0.028125
1 0.6375 0.5015625 0.009375 0.0109375
3 0.6875 0.5078125 0.084375 0.1125
3 0.9578125 0.5671875 0.059375 0.08125
2 0.046875 0.3671875 0.0578125 0.09375
2 0.81875 0.3734375 0.18125 0.3609375
2 0.25859375 0.54375 0.1171875 0.2578125
5 0.728125 0.86171875 0.0609375 0.13125
5 0.82109375 0.96640625 0.0703125 0.0671875
5 0.0875 0.746875 0.0484375 0.1046875
5 0.2359375 0.93359375 0.0453125 0.0390625
5 0.0234375 0.5015625 0.021875 0.025
5 0.040625 0.5234375 0.0203125 0.025