1 0.775 0.046875 0.1203125 0.0859375
1 0.2484375 0.32109375 0.0890625 0.0796875
1 0.0125 0.27421875 0.0171875 0.0359375
1 0.3125 0.3640625 0.028125 0.0265625
1 0.58671875 0.46875 0.009375 0.0109375
3 0.6359375 0.47421875 0.08125 0.109375
3 0.9015625 0.52734375 0.0578125 0.078125
2 0.015625 0.34453125 0.028125 0.090625
2 0.76171875 0.3390625 0.171875 0.3515625
2 0.215625 0.5171875 0.1109375 0.2515625
5 0.68125 0.82109375 0.0578125 0.128125
5 0.77421875 0.93359375 0.0671875 0.0859375
5 0.05 0.71875 0.0453125 0.1015625
5 0.19921875 0.9 0.04375 0.0375
5 0.0046875 0.5 0.009375 0.0234375