1 0.7609375 0.0703125 0.1109375 0.08671875
1 0.2703125 0.33828125 0.0828125 0.07421875
1 0.04453125 0.2984375 0.02421875 0.034375
1 0.33125 0.37734375 0.02578125 0.02421875
1 0.5890625 0.47109375 0.00859375 0.01015625
3 0.6359375 0.475 0.07421875 0.10078125
3 0.88671875 0.5203125 0.05234375 0.07265625
2 0.040625 0.36484375 0.05078125 0.08515625
2 0.7515625 0.346875 0.15546875 0.3265625
2 0.2421875 0.521875 0.09921875 0.234375
5 0.68359375 0.8 0.05234375 0.11953125
5 0.7734375 0.903125 0.0625 0.0796875
5 0.090625 0.7140625 0.04140625 0.0953125
5 0.23359375 0.88125 0.04140625 0.03515625
5 0.02421875 0.48984375 0.01875 0.02265625
5 0.03984375 0.51015625 0.0171875 0.02265625