2 0.10859375 0.475 0.11328125 0.18046875
2 0.30625 0.465625 0.078125 0.14921875
2 0.44140625 0.52109375 0.0640625 0.10234375
2 0.5484375 0.46796875 0.090625 0.13046875
2 0.646875 0.46875 0.07890625 0.10859375
1 0.446875 0.4140625 0.0375 0.03203125
1 0.128125 0.31640625 0.0546875 0.0734375
1 0.41875 0.43359375 0.02265625 0.0171875
1 0.6421875 0.34609375 0.0484375 0.03359375
1 0.5515625 0.34609375 0.05390625 0.0453125
1 0.89140625 0.38125 0.04296875 0.0515625
5 0.81875 0.80859375 0.05390625 0.0484375
5 0.8640625 0.8015625 0.0421875 0.03671875
5 0.9546875 0.81640625 0.08671875 0.05390625
5 0.73515625 0.79453125 0.040625 0.0453125
5 0.678125 0.796875 0.02734375 0.03359375
5 0.63515625 0.7703125 0.034375 0.03203125
5 0.575 0.76171875 0.0296875 0.0515625
5 0.52265625 0.7578125 0.0375 0.03046875
5 0.45390625 0.73828125 0.02421875 0.0484375
5 0.41875 0.74140625 0.0265625 0.0421875
5 0.39375 0.68203125 0.0203125 0.03203125
5 0.3234375 0.778125 0.0328125 0.03671875
5 0.2515625 0.78671875 0.04375 0.03671875
5 0.1265625 0.8015625 0.0578125 0.0453125
5 0.0484375 0.82265625 0.05 0.03515625