2 0.90078125 0.50390625 0.1390625 0.2015625
2 0.69296875 0.471875 0.0984375 0.165625
2 0.5453125 0.515625 0.0796875 0.115625
2 0.4390625 0.446875 0.109375 0.146875
2 0.334375 0.43671875 0.0953125 0.1234375
1 0.55078125 0.40234375 0.0421875 0.0375
1 0.8984375 0.334375 0.065625 0.0828125
1 0.57890625 0.42578125 0.025 0.021875
1 0.353125 0.30859375 0.0546875 0.040625
1 0.44921875 0.31875 0.0625 0.0546875
1 0.0859375 0.31796875 0.05 0.059375
5 0.11484375 0.7765625 0.0625 0.0578125
5 0.06953125 0.76484375 0.0484375 0.04375
5 0.01015625 0.771875 0.0203125 0.0625
5 0.20546875 0.77109375 0.0484375 0.053125
5 0.265625 0.78125 0.0328125 0.0390625
5 0.31328125 0.75703125 0.0390625 0.0375
5 0.37734375 0.7546875 0.0375 0.0578125
5 0.43359375 0.75625 0.0421875 0.0359375
5 0.5078125 0.74375 0.03125 0.0546875
5 0.5453125 0.75078125 0.0328125 0.0484375
5 0.57734375 0.69140625 0.025 0.0359375
5 0.64140625 0.8 0.0390625 0.0421875
5 0.715625 0.8171875 0.05 0.04375
5 0.84609375 0.846875 0.065625 0.0546875
5 0.9265625 0.87734375 0.05625 0.0421875