2 0.89921875 0.5609375 0.153125 0.2046875
2 0.7015625 0.509375 0.1109375 0.1671875
2 0.5546875 0.53671875 0.0875 0.1171875
2 0.459375 0.459375 0.11875 0.15
2 0.359375 0.4390625 0.103125 0.1265625
1 0.571875 0.42734375 0.04375 0.040625
1 0.91328125 0.396875 0.0703125 0.084375
1 0.59609375 0.45234375 0.0265625 0.021875
1 0.390625 0.3171875 0.05625 0.04375
1 0.48203125 0.33671875 0.0640625 0.0578125
1 0.1328125 0.3 0.053125 0.0609375
5 0.11484375 0.7453125 0.0640625 0.0609375
5 0.07109375 0.728125 0.05 0.0453125
5 0.01328125 0.72421875 0.0265625 0.0703125
5 0.2015625 0.74765625 0.0515625 0.0546875
5 0.25859375 0.76328125 0.034375 0.0390625
5 0.30703125 0.74609375 0.040625 0.0390625
5 0.36953125 0.75 0.040625 0.0578125
5 0.4234375 0.75703125 0.04375 0.0390625
5 0.49609375 0.75234375 0.034375 0.0546875
5 0.53046875 0.7625 0.0359375 0.0484375
5 0.5671875 0.70859375 0.028125 0.0359375
5 0.61796875 0.81953125 0.0421875 0.04375
5 0.6890625 0.84453125 0.0515625 0.046875
5 0.8109375 0.8859375 0.0671875 0.0578125
5 0.884375 0.9234375 0.0578125 0.0453125