1 0.775 0.16484375 0.0765625 0.1015625
1 0.96171875 0.3453125 0.0453125 0.053125
1 0.884375 0.5015625 0.0265625 0.0484375
1 0.63515625 0.60390625 0.0328125 0.0828125
1 0.1703125 0.28203125 0.0421875 0.05
3 0.796875 0.6625 0.0171875 0.05
3 0.81875 0.68984375 0.01875 0.046875
3 0.590625 0.69609375 0.021875 0.0265625
3 0.1609375 0.54453125 0.021875 0.0453125
3 0.1109375 0.5265625 0.025 0.04375
5 0.17421875 0.765625 0.04375 0.053125
5 0.13984375 0.75546875 0.053125 0.0578125
5 0.67265625 0.88828125 0.065625 0.0703125
5 0.7765625 0.79296875 0.034375 0.0421875
5 0.8203125 0.790625 0.05 0.06875
5 0.971875 0.8296875 0.0453125 0.025