1 0.2484375 0.18125 0.0703125 0.09375
1 0.0703125 0.346875 0.040625 0.05
1 0.13984375 0.49453125 0.025 0.0453125
1 0.371875 0.59375 0.03125 0.0765625
1 0.81328125 0.3 0.0390625 0.046875
1 0.99296875 0.4015625 0.0140625 0.034375
3 0.21875 0.64609375 0.015625 0.046875
3 0.1984375 0.671875 0.0171875 0.04375
3 0.4125 0.68125 0.0203125 0.025
3 0.8171875 0.546875 0.01875 0.04375
3 0.8640625 0.53046875 0.021875 0.040625
5 0.8015625 0.753125 0.040625 0.05
5 0.83359375 0.74453125 0.0484375 0.053125
5 0.33125 0.859375 0.059375 0.0640625
5 0.2359375 0.76953125 0.0328125 0.040625
5 0.1953125 0.76640625 0.0453125 0.0625
5 0.05 0.8015625 0.05 0.021875