1 0.7234375 0.2875 0.128125 0.15
1 0.58046875 0.30234375 0.1015625 0.1515625
1 0.42265625 0.35 0.0265625 0.0328125
1 0.64375 0.35078125 0.01875 0.0296875
1 0.63046875 0.33828125 0.021875 0.034375
1 0.30859375 0.359375 0.034375 0.0265625
1 0.35234375 0.28359375 0.0234375 0.0234375
1 0.2109375 0.3671875 0.009375 0.0109375
1 0.190625 0.3703125 0.0125 0.015625
1 0.17109375 0.3828125 0.0140625 0.015625
1 0.203125 0.37890625 0.0171875 0.0140625
1 0.0953125 0.3796875 0.0421875 0.0671875
1 0.0578125 0.37734375 0.025 0.0328125
1 0.009375 0.37265625 0.01875 0.0390625
1 0.03515625 0.38828125 0.040625 0.071875
1 0.03828125 0.43671875 0.0265625 0.03125
1 0.109375 0.56171875 0.0609375 0.075
1 0.1546875 0.634375 0.0671875 0.0921875
1 0.3390625 0.57265625 0.0578125 0.09375
1 0.2671875 0.371875 0.071875 0.0953125
1 0.69453125 0.5984375 0.0953125 0.1203125
5 0.475 0.8453125 0.0578125 0.059375
5 0.43828125 0.84453125 0.0484375 0.0390625
5 0.384375 0.8328125 0.0390625 0.0453125
5 0.31328125 0.834375 0.0375 0.0375
5 0.07421875 0.78359375 0.0578125 0.04375
5 0.25546875 0.7796875 0.0421875 0.034375
5 0.0265625 0.65390625 0.0265625 0.046875
3 0.83046875 0.690625 0.078125 0.0953125
3 0.6328125 0.5671875 0.05 0.1015625
3 0.58828125 0.571875 0.05625 0.1
3 0.25390625 0.56640625 0.05 0.08125
3 0.65 0.440625 0.028125 0.0234375