1 0.009375 0.52890625 0.01875 0.0390625
1 0.0375 0.52734375 0.02109375 0.01796875
1 0.046875 0.553125 0.02734375 0.021875
1 0.1015625 0.54375 0.01953125 0.02109375
1 0.11640625 0.540625 0.02265625 0.01953125
1 0.16796875 0.53125 0.02734375 0.0125
1 0.18671875 0.53359375 0.02734375 0.0109375
1 0.23203125 0.5265625 0.02265625 0.021875
1 0.26171875 0.54140625 0.009375 0.01953125
1 0.28125 0.52578125 0.01640625 0.015625
1 0.31015625 0.53125 0.01875 0.02109375
1 0.34140625 0.5328125 0.0125 0.01796875
1 0.3515625 0.5265625 0.01328125 0.01640625
1 0.36953125 0.53515625 0.0125 0.0265625
1 0.39296875 0.53671875 0.01875 0.02109375
1 0.40546875 0.528125 0.01171875 0.02109375
1 0.42421875 0.5296875 0.015625 0.02109375
1 0.46015625 0.51484375 0.04453125 0.04609375
1 0.53359375 0.52421875 0.04140625 0.0484375
1 0.4984375 0.525 0.01796875 0.03046875
1 0.559375 0.51171875 0.01015625 0.0265625
1 0.59609375 0.5046875 0.03359375 0.03203125
1 0.728125 0.475 0.06640625 0.046875
1 0.63203125 0.51796875 0.02265625 0.01953125
1 0.67265625 0.5203125 0.03203125 0.02109375
1 0.76484375 0.51484375 0.01875 0.01796875
1 0.79609375 0.5015625 0.04765625 0.0359375
1 0.85 0.484375 0.05 0.034375
1 0.78359375 0.5078125 0.01640625 0.0234375
1 0.92734375 0.4890625 0.02734375 0.025
1 0.88046875 0.51484375 0.02890625 0.0265625
1 0.94609375 0.515625 0.03671875 0.0234375
1 0.9828125 0.478125 0.034375 0.034375
5 0.44140625 0.834375 0.05078125 0.034375
5 0.47421875 0.8140625 0.04140625 0.025
5 0.54296875 0.821875 0.0375 0.04609375
5 0.59140625 0.84140625 0.03203125 0.0359375
5 0.73046875 0.96328125 0.065625 0.0734375
5 0.81484375 0.946875 0.04765625 0.046875
5 0.85078125 0.834375 0.05703125 0.040625
5 0.88828125 0.865625 0.05625 0.0359375
5 0.165625 0.70078125 0.02109375 0.0234375
5 0.1890625 0.703125 0.021875 0.01953125
5 0.0890625 0.7046875 0.03046875 0.02890625
5 0.11953125 0.7140625 0.02578125 0.021875
5 0.38203125 0.68984375 0.025 0.03203125
5 0.41015625 0.69375 0.01796875 0.0234375
5 0.62578125 0.70078125 0.02421875 0.0234375
5 0.65546875 0.7125 0.01640625 0.0359375
5 0.68828125 0.703125 0.015625 0.034375
5 0.81953125 0.728125 0.01875 0.02109375
2 0.44609375 0.584375 0.0625 0.08046875