1 0.26171875 0.31640625 0.1078125 0.13203125
1 0.40078125 0.31328125 0.08203125 0.1375
1 0.55859375 0.33984375 0.02265625 0.0296875
1 0.3453125 0.3671875 0.0140625 0.02734375
1 0.35625 0.35390625 0.0171875 0.03125
1 0.66953125 0.33671875 0.03046875 0.02265625
1 0.61796875 0.26875 0.0203125 0.01953125
1 0.7640625 0.33203125 0.00859375 0.01015625
1 0.784375 0.33203125 0.01015625 0.0140625
1 0.8046875 0.3421875 0.0125 0.0140625
1 0.77265625 0.3421875 0.015625 0.01171875
1 0.8765625 0.33046875 0.034375 0.0609375
1 0.91328125 0.3234375 0.02109375 0.0296875
1 0.96953125 0.31328125 0.03515625 0.03515625
1 0.93515625 0.33203125 0.03125 0.06640625
1 0.9390625 0.37890625 0.02265625 0.02734375
1 0.88515625 0.50625 0.0515625 0.06640625
1 0.85 0.58203125 0.05625 0.08203125
1 0.665625 0.54453125 0.04609375 0.08671875
1 0.71015625 0.34296875 0.059375 0.08671875
1 0.32578125 0.6109375 0.0796875 0.1078125
5 0.56640625 0.8234375 0.05078125 0.05234375
5 0.6015625 0.8171875 0.04296875 0.0328125
5 0.65234375 0.80078125 0.03359375 0.04140625
5 0.7203125 0.79296875 0.03359375 0.0328125
5 0.9453125 0.71640625 0.05234375 0.03515625
5 0.76953125 0.73359375 0.03828125 0.0296875
5 0.9828125 0.58671875 0.034375 0.04296875
3 0.20625 0.715625 0.06484375 0.08515625
3 0.38203125 0.57421875 0.0375 0.09375
3 0.425 0.5734375 0.04296875 0.0921875
3 0.746875 0.528125 0.03984375 0.07421875
3 0.35 0.4546875 0.025 0.01953125