1 0.715625 0.25546875 0.1359375 0.15625
1 0.57421875 0.2796875 0.1109375 0.15625
1 0.41953125 0.3375 0.028125 0.034375
1 0.640625 0.32265625 0.0203125 0.0296875
1 0.6265625 0.31171875 0.0234375 0.034375
1 0.30703125 0.35625 0.034375 0.0296875
1 0.3453125 0.27734375 0.025 0.0234375
1 0.209375 0.36953125 0.0109375 0.0109375
1 0.18984375 0.37421875 0.0140625 0.0171875
1 0.17109375 0.38828125 0.015625 0.0171875
1 0.203125 0.38203125 0.0171875 0.0140625
1 0.09609375 0.38984375 0.046875 0.06875
1 0.0578125 0.38984375 0.0265625 0.034375
1 0.01015625 0.390625 0.0203125 0.04375
1 0.0359375 0.403125 0.0453125 0.0734375
1 0.0421875 0.4515625 0.028125 0.0328125
1 0.12109375 0.5703125 0.065625 0.078125
1 0.171875 0.640625 0.0734375 0.0953125
1 0.35234375 0.56640625 0.0640625 0.096875
1 0.26640625 0.3703125 0.0765625 0.0984375
1 0.70859375 0.56640625 0.1015625 0.125
5 0.50703125 0.82890625 0.0609375 0.0625
5 0.4703125 0.8296875 0.05 0.0421875
5 0.415625 0.82265625 0.0421875 0.0484375
5 0.3453125 0.82890625 0.040625 0.0390625
5 0.103125 0.7953125 0.059375 0.046875
5 0.28359375 0.77734375 0.04375 0.0375
5 0.040625 0.66953125 0.040625 0.05
3 0.85 0.64921875 0.0828125 0.1
3 0.64453125 0.53984375 0.05625 0.103125
3 0.60078125 0.54765625 0.0625 0.1015625
3 0.265625 0.565625 0.0546875 0.0828125
3 0.653125 0.4125 0.0296875 0.025