1 0.98828125 0.44140625 0.0234375 0.0421875
1 0.96171875 0.4453125 0.0234375 0.021875
1 0.95703125 0.47265625 0.03125 0.0265625
1 0.90078125 0.4734375 0.0234375 0.025
1 0.884375 0.47265625 0.0265625 0.0234375
1 0.83203125 0.47265625 0.0296875 0.0171875
1 0.8140625 0.478125 0.028125 0.015625
1 0.76796875 0.47890625 0.0265625 0.0265625
1 0.740625 0.5 0.0125 0.0203125
1 0.71796875 0.48671875 0.0203125 0.01875
1 0.690625 0.49765625 0.021875 0.0234375
1 0.659375 0.5046875 0.015625 0.0203125
1 0.6484375 0.5 0.0171875 0.01875
1 0.63203125 0.5125 0.0171875 0.028125
1 0.609375 0.51796875 0.021875 0.0234375
1 0.59453125 0.51171875 0.015625 0.0234375
1 0.5765625 0.51640625 0.01875 0.0234375
1 0.53828125 0.5078125 0.053125 0.053125
1 0.4671875 0.5296875 0.05 0.05625
1 0.5015625 0.52421875 0.0234375 0.034375
1 0.4390625 0.521875 0.0140625 0.028125
1 0.4015625 0.52109375 0.0390625 0.0375
1 0.26484375 0.515625 0.075 0.059375
1 0.3671875 0.540625 0.0265625 0.0234375
1 0.328125 0.55 0.0359375 0.0265625
1 0.23515625 0.5609375 0.021875 0.0203125
1 0.2015625 0.553125 0.0546875 0.0453125
1 0.14453125 0.5453125 0.05625 0.04375
1 0.21484375 0.55703125 0.021875 0.0265625
1 0.06875 0.5640625 0.03125 0.0296875
1 0.1203125 0.58125 0.034375 0.03125
1 0.05390625 0.59453125 0.040625 0.0296875
1 0.015625 0.5625 0.03125 0.0390625
5 0.61328125 0.82265625 0.05625 0.04375
5 0.57734375 0.8078125 0.0453125 0.03125
5 0.51015625 0.82734375 0.0453125 0.0515625
5 0.46484375 0.85625 0.0390625 0.0421875
5 0.346875 0.97890625 0.078125 0.0421875
5 0.2609375 0.98671875 0.05625 0.0265625
5 0.20546875 0.89453125 0.0640625 0.05
5 0.1734375 0.93203125 0.0625 0.0453125
5 0.8640625 0.64140625 0.025 0.028125
5 0.84140625 0.64765625 0.025 0.0234375
5 0.94140625 0.63125 0.0359375 0.034375
5 0.91328125 0.64609375 0.0296875 0.0265625
5 0.646875 0.66796875 0.0296875 0.0359375
5 0.6203125 0.67734375 0.021875 0.0265625
5 0.40703125 0.721875 0.028125 0.028125
5 0.37890625 0.7390625 0.0234375 0.0390625
5 0.34453125 0.73515625 0.021875 0.0375
5 0.21796875 0.78359375 0.021875 0.0234375
2 0.56484375 0.575 0.0765625 0.090625