1 0.009375 0.5484375 0.0171875 0.04375
1 0.0359375 0.54453125 0.0234375 0.0203125
1 0.04765625 0.57109375 0.03125 0.025
1 0.10546875 0.55703125 0.021875 0.0234375
1 0.12109375 0.55234375 0.025 0.0234375
1 0.17421875 0.5390625 0.0296875 0.015625
1 0.1953125 0.53984375 0.0296875 0.0140625
1 0.24296875 0.52890625 0.0265625 0.025
1 0.27578125 0.54296875 0.0109375 0.021875
1 0.2953125 0.52421875 0.01875 0.0171875
1 0.3265625 0.52890625 0.021875 0.0234375
1 0.36015625 0.528125 0.0140625 0.0203125
1 0.36953125 0.5203125 0.015625 0.01875
1 0.38984375 0.52890625 0.015625 0.0296875
1 0.4140625 0.52890625 0.021875 0.0234375
1 0.42734375 0.51875 0.0140625 0.0234375
1 0.44765625 0.51875 0.0171875 0.0234375
1 0.484375 0.49921875 0.0515625 0.053125
1 0.56328125 0.5046875 0.0484375 0.0546875
1 0.5265625 0.50859375 0.0203125 0.034375
1 0.58984375 0.4890625 0.0125 0.028125
1 0.62890625 0.47890625 0.0375 0.0375
1 0.76640625 0.4375 0.075 0.05625
1 0.66875 0.490625 0.025 0.0234375
1 0.7109375 0.48984375 0.0359375 0.025
1 0.80859375 0.4765625 0.021875 0.0203125
1 0.84140625 0.46015625 0.053125 0.0421875
1 0.89765625 0.43828125 0.05625 0.040625
1 0.828125 0.46875 0.0203125 0.0265625
1 0.9796875 0.4375 0.03125 0.028125
1 0.93203125 0.46796875 0.0328125 0.0296875
1 0.990625 0.465625 0.0171875 0.0265625
5 0.48828125 0.84140625 0.0578125 0.040625
5 0.52109375 0.8171875 0.046875 0.0296875
5 0.5953125 0.8203125 0.04375 0.0515625
5 0.6484375 0.83828125 0.0375 0.040625
5 0.8046875 0.9484375 0.075 0.0671875
5 0.89375 0.934375 0.0546875 0.0546875
5 0.92421875 0.8109375 0.0640625 0.046875
5 0.96640625 0.84140625 0.0625 0.0421875
5 0.18515625 0.7203125 0.0234375 0.0265625
5 0.21015625 0.7203125 0.025 0.0234375
5 0.10390625 0.7296875 0.034375 0.0328125
5 0.13671875 0.7375 0.0296875 0.025
5 0.41484375 0.69140625 0.028125 0.0359375
5 0.44453125 0.69453125 0.0203125 0.0265625
5 0.67421875 0.6859375 0.028125 0.0265625
5 0.70703125 0.69609375 0.0203125 0.0390625
5 0.74140625 0.68359375 0.01875 0.0375
5 0.88359375 0.70078125 0.021875 0.0234375
2 0.475 0.575 0.071875 0.090625