1 0.63046875 0.51171875 0.1078125 0.1671875
1 0.65390625 0.06484375 0.059375 0.096875
1 0.53671875 0.1046875 0.0578125 0.096875
1 0.3953125 0.121875 0.034375 0.071875
1 0.3140625 0.1078125 0.05625 0.0734375
1 0.278125 0.0515625 0.071875 0.0625
2 0.26640625 0.27890625 0.140625 0.2765625
2 0.68359375 0.54765625 0.175 0.240625
2 0.3703125 0.33828125 0.0828125 0.140625
2 0.4359375 0.2390625 0.0671875 0.10625
2 0.67578125 0.23203125 0.1171875 0.1328125
5 0.4890625 0.5875 0.03125 0.0453125
5 0.4546875 0.5796875 0.04375 0.05
5 0.37421875 0.73125 0.0734375 0.0421875
5 0.29453125 0.77890625 0.071875 0.06875
5 0.71796875 0.8109375 0.0734375 0.1
5 0.52421875 0.60625 0.040625 0.0625
5 0.3859375 0.621875 0.0296875 0.034375
5 0.315625 0.63828125 0.0359375 0.053125