1 0.36328125 0.50859375 0.09296875 0.15546875
1 0.30234375 0.078125 0.05 0.08984375
1 0.4203125 0.10703125 0.0484375 0.08984375
1 0.559375 0.1109375 0.02890625 0.0671875
1 0.6375 0.08984375 0.04921875 0.0671875
1 0.66796875 0.0328125 0.065625 0.0546875
2 0.6984375 0.25234375 0.115625 0.26015625
2 0.3140625 0.5484375 0.15234375 0.221875
2 0.60234375 0.31875 0.0703125 0.13046875
2 0.53046875 0.22890625 0.05625 0.09921875
2 0.2953125 0.2421875 0.1046875 0.12109375
5 0.5078125 0.57109375 0.028125 0.04296875
5 0.540625 0.5609375 0.0390625 0.0453125
5 0.63203125 0.70078125 0.06953125 0.0359375
5 0.71328125 0.73984375 0.065625 0.06171875
5 0.30390625 0.8078125 0.06328125 0.0921875
5 0.475 0.5921875 0.034375 0.0578125
5 0.61171875 0.5953125 0.02734375 0.03203125
5 0.68125 0.60546875 0.03046875 0.04921875