1 0.33984375 0.5359375 0.1140625 0.171875
1 0.228125 0.09296875 0.0625 0.0984375
1 0.3546875 0.11015625 0.0609375 0.0984375
1 0.5 0.0984375 0.0375 0.0734375
1 0.58046875 0.06796875 0.059375 0.0765625
1 0.6046875 0.01875 0.075 0.0375
2 0.66171875 0.23125 0.15 0.284375
2 0.29296875 0.5828125 0.184375 0.2484375
2 0.56796875 0.31171875 0.0875 0.14375
2 0.48359375 0.22421875 0.0703125 0.109375
2 0.2390625 0.26484375 0.1234375 0.1375
5 0.496875 0.58515625 0.0328125 0.046875
5 0.53046875 0.57109375 0.046875 0.0515625
5 0.6421875 0.70703125 0.0765625 0.0453125
5 0.73125 0.7390625 0.075 0.071875
5 0.31015625 0.8546875 0.0765625 0.103125
5 0.465625 0.61015625 0.0421875 0.0640625
5 0.60859375 0.59921875 0.03125 0.0359375
5 0.6828125 0.60234375 0.0375 0.05625