1 0.840625 0.08671875 0.09765625 0.0671875
1 0.4734375 0.2703125 0.065625 0.0890625
1 0.6546875 0.375 0.03046875 0.0203125
3 0.45 0.59140625 0.034375 0.0515625
3 0.475 0.58359375 0.028125 0.0484375
3 0.93046875 0.51484375 0.0453125 0.071875
5 0.47578125 0.7875 0.07109375 0.0484375
5 0.54453125 0.77265625 0.0421875 0.0421875
5 0.64765625 0.71484375 0.0203125 0.0265625
5 0.68828125 0.70546875 0.01875 0.025
5 0.7453125 0.84921875 0.08984375 0.07734375
5 0.853125 0.86640625 0.059375 0.08203125
5 0.4046875 0.828125 0.02421875 0.04140625