1 0.8859375 0.09296875 0.1046875 0.0734375
1 0.4984375 0.27109375 0.071875 0.0953125
1 0.6828125 0.3859375 0.03125 0.021875
3 0.4625 0.60234375 0.0375 0.0546875
3 0.48984375 0.59609375 0.03125 0.0515625
3 0.96484375 0.54140625 0.05 0.0765625
5 0.4828125 0.80703125 0.0765625 0.053125
5 0.5546875 0.79453125 0.0453125 0.0453125
5 0.6640625 0.7375 0.021875 0.028125
5 0.70546875 0.7296875 0.0203125 0.0265625
5 0.759375 0.88125 0.0953125 0.084375
5 0.87109375 0.90234375 0.0640625 0.0875
5 0.40703125 0.84609375 0.0265625 0.04375