1 0.93828125 0.14140625 0.1125 0.0890625
1 0.528125 0.24765625 0.084375 0.1046875
1 0.6890625 0.39296875 0.034375 0.0265625
3 0.43515625 0.5671875 0.0453125 0.059375
3 0.4625 0.565625 0.0390625 0.0546875
3 0.93671875 0.59375 0.0609375 0.0828125
5 0.41953125 0.77109375 0.0828125 0.0640625
5 0.4921875 0.77109375 0.0515625 0.0515625
5 0.609375 0.73515625 0.0265625 0.03125
5 0.65078125 0.73359375 0.025 0.0296875
5 0.678125 0.890625 0.1078125 0.0984375
5 0.78359375 0.93203125 0.078125 0.0953125
5 0.3390625 0.79609375 0.0328125 0.046875