5 0.2953125 0.91328125 0.0484375 0.05390625
5 0.3453125 0.86796875 0.0390625 0.05390625
5 0.24453125 0.92109375 0.03671875 0.05234375
5 0.22578125 0.965625 0.03984375 0.05546875
5 0.37265625 0.84921875 0.0375 0.046875
5 0.39375 0.8234375 0.0296875 0.04375
5 0.4296875 0.81875 0.0328125 0.0625
5 0.4703125 0.79453125 0.0453125 0.0453125
5 0.50390625 0.721875 0.0171875 0.04140625
5 0.52890625 0.73828125 0.01796875 0.034375
5 0.58671875 0.703125 0.01875 0.0328125
5 0.61796875 0.70859375 0.0171875 0.0296875
5 0.64765625 0.72734375 0.015625 0.0296875
5 0.67109375 0.72734375 0.015625 0.02421875
5 0.6828125 0.7859375 0.02265625 0.034375
5 0.71328125 0.8015625 0.02578125 0.0453125
5 0.76484375 0.7765625 0.0140625 0.0453125
5 0.79921875 0.7953125 0.015625 0.0296875
5 0.85546875 0.78828125 0.01484375 0.0296875
5 0.83125 0.7640625 0.00703125 0.0328125
5 0.86953125 0.77265625 0.02421875 0.0296875
5 0.91640625 0.79140625 0.02421875 0.034375
5 0.95078125 0.79609375 0.015625 0.0171875
1 0.2109375 0.23203125 0.08515625 0.12734375
1 0.26171875 0.21015625 0.04453125 0.10078125
1 0.33359375 0.2640625 0.05 0.0578125
1 0.38984375 0.31953125 0.04375 0.0578125
1 0.4390625 0.29921875 0.0484375 0.046875
1 0.4796875 0.31171875 0.034375 0.05703125
1 0.5125 0.31875 0.02734375 0.0421875
1 0.628125 0.32265625 0.02890625 0.0484375
1 0.68046875 0.3546875 0.0234375 0.0296875
1 0.721875 0.39140625 0.0328125 0.0609375
1 0.81015625 0.39765625 0.01796875 0.03984375
1 0.83203125 0.3921875 0.021875 0.05390625
1 0.89296875 0.38984375 0.0265625 0.03828125
1 0.93671875 0.43359375 0.03046875 0.059375
2 0.1625 0.55234375 0.13671875 0.453125
2 0.79765625 0.4703125 0.07109375 0.03671875
2 0.71484375 0.48359375 0.05078125 0.10078125
2 0.94453125 0.4984375 0.07421875 0.03984375