5 0.20234375 0.86796875 0.0609375 0.065625
5 0.2640625 0.83203125 0.0515625 0.0640625
5 0.14921875 0.86484375 0.0484375 0.0609375
5 0.1203125 0.903125 0.0515625 0.0609375
5 0.29609375 0.81875 0.0484375 0.05625
5 0.32265625 0.796875 0.0390625 0.0515625
5 0.36015625 0.8 0.046875 0.0703125
5 0.40703125 0.784375 0.05625 0.05625
5 0.45703125 0.7171875 0.0265625 0.0453125
5 0.4796875 0.7390625 0.0265625 0.0390625
5 0.54609375 0.715625 0.0265625 0.0375
5 0.5765625 0.72890625 0.0234375 0.034375
5 0.60234375 0.75390625 0.021875 0.034375
5 0.62734375 0.759375 0.021875 0.028125
5 0.62578125 0.82109375 0.0296875 0.0390625
5 0.65390625 0.84453125 0.0359375 0.0515625
5 0.71171875 0.8296875 0.025 0.05
5 0.74296875 0.85703125 0.021875 0.034375
5 0.8015625 0.8609375 0.021875 0.034375
5 0.7828125 0.83125 0.0140625 0.0359375
5 0.81953125 0.8484375 0.03125 0.0359375
5 0.86328125 0.878125 0.03125 0.0390625
5 0.89765625 0.88984375 0.0203125 0.0203125
1 0.2640625 0.153125 0.1140625 0.1484375
1 0.3203125 0.1421875 0.0671875 0.1125
1 0.3828125 0.2125 0.0640625 0.0703125
1 0.42734375 0.28125 0.0578125 0.06875
1 0.48203125 0.271875 0.059375 0.0578125
1 0.521875 0.29296875 0.046875 0.065625
1 0.55390625 0.30703125 0.0375 0.05
1 0.67109375 0.33671875 0.0390625 0.0546875
1 0.71796875 0.38125 0.0296875 0.0359375
1 0.7515625 0.42734375 0.046875 0.06875
1 0.83984375 0.45234375 0.028125 0.0453125
1 0.8640625 0.45234375 0.034375 0.059375
1 0.9265625 0.4625 0.034375 0.0453125
1 0.96171875 0.51640625 0.04375 0.0671875
2 0.14453125 0.4703125 0.2375 0.4921875
2 0.81171875 0.52421875 0.08125 0.053125
2 0.72421875 0.51953125 0.0734375 0.1140625
2 0.9546875 0.584375 0.08125 0.05625