5 0.3765625 0.96875 0.059375 0.0625
5 0.41796875 0.9140625 0.05 0.0625
5 0.3265625 0.97890625 0.046875 0.0421875
5 0.4421875 0.8890625 0.046875 0.0546875
5 0.4578125 0.86015625 0.0390625 0.05
5 0.49296875 0.84765625 0.0453125 0.06875
5 0.5296875 0.815625 0.0546875 0.0546875
5 0.54921875 0.7359375 0.025 0.0453125
5 0.57734375 0.746875 0.025 0.0375
5 0.62890625 0.70078125 0.025 0.0359375
5 0.66171875 0.7 0.0234375 0.0328125
5 0.6953125 0.7125 0.021875 0.0328125
5 0.71953125 0.7078125 0.0203125 0.028125
5 0.7421875 0.765625 0.0296875 0.0390625
5 0.77578125 0.775 0.034375 0.0515625
5 0.82265625 0.73984375 0.0234375 0.0484375
5 0.8609375 0.75234375 0.021875 0.0328125
5 0.91640625 0.73359375 0.021875 0.0328125
5 0.8875 0.7140625 0.0140625 0.034375
5 0.928125 0.715625 0.0296875 0.034375
5 0.97890625 0.725 0.03125 0.0390625
1 0.1578125 0.3 0.1109375 0.1453125
1 0.20390625 0.26796875 0.065625 0.109375
1 0.2875 0.3078125 0.0625 0.06875
1 0.35546875 0.353125 0.05625 0.0671875
1 0.40078125 0.32265625 0.0578125 0.05625
1 0.44375 0.32734375 0.0453125 0.0640625
1 0.4796875 0.328125 0.0359375 0.0484375
1 0.596875 0.309375 0.0390625 0.0546875
1 0.65546875 0.33125 0.028125 0.034375
1 0.7046875 0.36015625 0.0453125 0.0671875
1 0.79453125 0.34921875 0.0265625 0.04375
1 0.815625 0.3390625 0.0328125 0.059375
1 0.8765625 0.32578125 0.034375 0.04375
1 0.9296875 0.36015625 0.0421875 0.065625
2 0.171875 0.63203125 0.2265625 0.4828125
2 0.796875 0.425 0.078125 0.05
2 0.71484375 0.45390625 0.0703125 0.1109375
2 0.95 0.42421875 0.0828125 0.0546875