1 0.45625 0.40546875 0.0875 0.096875
1 0.40234375 0.34296875 0.0546875 0.05625
1 0.50625 0.36328125 0.046875 0.059375
1 0.28046875 0.34375 0.0609375 0.065625
1 0.17890625 0.30234375 0.0875 0.084375
1 0.06328125 0.346875 0.096875 0.103125
1 0.18359375 0.46953125 0.115625 0.1015625
1 0.7375 0.46875 0.109375 0.1203125
1 0.8453125 0.44296875 0.1078125 0.1
1 0.93203125 0.45859375 0.1109375 0.10625
2 0.38046875 0.728125 0.2625 0.40625
2 0.02890625 0.67578125 0.0578125 0.2828125
2 0.13984375 0.68515625 0.1421875 0.2078125
2 0.11640625 0.515625 0.128125 0.2765625
2 0.8109375 0.7796875 0.196875 0.365625
2 0.35078125 0.51328125 0.0953125 0.2015625
2 0.2484375 0.5 0.1015625 0.175
2 0.91953125 0.6484375 0.121875 0.196875