1 0.4265625 0.39375 0.0890625 0.1
1 0.3703125 0.3296875 0.05625 0.0578125
1 0.478125 0.34921875 0.0484375 0.0625
1 0.24375 0.33203125 0.0640625 0.06875
1 0.13671875 0.29140625 0.090625 0.0875
1 0.03984375 0.34453125 0.053125 0.0953125
1 0.1453125 0.465625 0.11875 0.1046875
1 0.7203125 0.45390625 0.1109375 0.125
1 0.83203125 0.425 0.1109375 0.103125
1 0.92265625 0.43984375 0.1140625 0.109375
2 0.3546875 0.73046875 0.2671875 0.421875
2 0.103125 0.690625 0.14375 0.215625
2 0.075 0.5140625 0.128125 0.2875
2 0.8015625 0.77578125 0.2 0.3796875
2 0.3203125 0.50703125 0.096875 0.209375
2 0.2125 0.4953125 0.103125 0.18125
2 0.91328125 0.6375 0.1234375 0.2046875