1 0.4234375 0.4234375 0.06796875 0.08046875
1 0.359375 0.37578125 0.04375 0.04609375
1 0.46171875 0.37265625 0.034375 0.0515625
1 0.24375 0.403125 0.0484375 0.0546875
1 0.1390625 0.38671875 0.071875 0.0671875
1 0.0390625 0.45390625 0.07734375 0.084375
1 0.18046875 0.54296875 0.09609375 0.07890625
1 0.703125 0.421875 0.08515625 0.10078125
1 0.79921875 0.3734375 0.08984375 0.07890625
1 0.884375 0.36953125 0.090625 0.084375
2 0.42265625 0.74375 0.1765625 0.3625
2 0.03984375 0.78125 0.0796875 0.2625
2 0.1859375 0.75625 0.0984375 0.18359375
2 0.1265625 0.60078125 0.0671875 0.2578125
2 0.8390625 0.6984375 0.11875 0.3359375
2 0.34765625 0.546875 0.0515625 0.18828125
2 0.24765625 0.55703125 0.0640625 0.159375
2 0.9140625 0.55078125 0.07890625 0.178125