1 0.57109375 0.12578125 0.0296875 0.0328125
1 0.69609375 0.13984375 0.025 0.0265625
1 0.540625 0.19140625 0.025 0.0234375
1 0.73203125 0.27890625 0.0390625 0.028125
1 0.94609375 0.2609375 0.021875 0.01875
1 0.66875 0.5390625 0.0328125 0.0234375
1 0.584375 0.56796875 0.028125 0.025
1 0.56015625 0.634375 0.0359375 0.034375
1 0.4875 0.61328125 0.03125 0.0359375
1 0.7234375 0.6375 0.0265625 0.028125
1 0.8765625 0.6421875 0.0453125 0.034375
1 0.35703125 0.571875 0.025 0.025
2 0.54296875 0.22265625 0.0359375 0.034375
2 0.5703125 0.15625 0.028125 0.0296875
2 0.7046875 0.16484375 0.0359375 0.0359375
2 0.7390625 0.303125 0.034375 0.034375
2 0.68203125 0.571875 0.0359375 0.0453125
2 0.59296875 0.6 0.03125 0.034375
2 0.53828125 0.6625 0.0515625 0.0484375
2 0.48515625 0.64375 0.05 0.0453125
2 0.3484375 0.59609375 0.0359375 0.03125
2 0.72890625 0.66171875 0.04375 0.0390625
2 0.8875 0.66875 0.0390625 0.03125
3 0.75234375 0.32578125 0.0140625 0.015625
3 0.559375 0.24375 0.0140625 0.021875
3 0.58515625 0.16953125 0.0171875 0.0171875
3 0.7125 0.18515625 0.0125 0.0140625
3 0.37421875 0.62265625 0.0140625 0.01875
3 0.34453125 0.6390625 0.0171875 0.015625
5 0.5765625 0.73359375 0.0296875 0.0328125
5 0.5359375 0.72265625 0.01875 0.021875
5 0.37578125 0.65625 0.0265625 0.025
5 0.36171875 0.646875 0.0171875 0.0203125
5 0.00859375 0.32109375 0.009375 0.0140625
5 0.00390625 0.32734375 0.0078125 0.0171875
5 0.571875 0.28203125 0.0171875 0.0171875
5 0.55703125 0.28515625 0.0140625 0.0171875
5 0.5890625 0.20859375 0.0203125 0.01875
5 0.571875 0.20078125 0.009375 0.0125
5 0.709375 0.21875 0.0234375 0.0171875
5 0.73125 0.37109375 0.01875 0.0125
5 0.75703125 0.37109375 0.0203125 0.01875