2 0.6875 0.3484375 0.025 0.071875
2 0.83125 0.37265625 0.0375 0.059375
2 0.73125 0.62734375 0.04453125 0.08203125
2 0.5734375 0.72890625 0.0578125 0.06640625
2 0.59140625 0.67734375 0.0375 0.06328125
2 0.38515625 0.7046875 0.04296875 0.0546875
2 0.165625 0.87734375 0.046875 0.06015625
2 0.52421875 0.8109375 0.0546875 0.06015625
2 0.25 0.5671875 0.06171875 0.0390625
3 0.12421875 0.1109375 0.01171875 0.0203125
2 0.1375 0.0703125 0.03203125 0.0546875
1 0.38671875 0.640625 0.02421875 0.01875
1 0.24375 0.596875 0.03046875 0.02421875
1 0.1765625 0.83828125 0.02578125 0.0234375
1 0.56171875 0.671875 0.02578125 0.02734375
1 0.59296875 0.62265625 0.01796875 0.0234375
1 0.740625 0.57421875 0.02734375 0.02421875
1 0.7 0.30078125 0.02265625 0.02890625
1 0.85078125 0.33046875 0.02421875 0.03046875
1 0.121875 0.0234375 0.021875 0.0234375
5 0.71796875 0.759375 0.028125 0.0234375
5 0.75703125 0.72109375 0.028125 0.02734375
5 0.71484375 0.4625 0.025 0.02890625
5 0.671875 0.46171875 0.01953125 0.01875
3 0.215625 0.659375 0.0125 0.021875
3 0.24921875 0.65546875 0.0203125 0.0171875