2 0.7 0.365625 0.03125 0.0734375
2 0.84140625 0.40234375 0.0421875 0.0625
2 0.71953125 0.646875 0.0515625 0.0859375
2 0.553125 0.734375 0.0640625 0.071875
2 0.57578125 0.684375 0.0421875 0.065625
2 0.36796875 0.69375 0.046875 0.0578125
2 0.134375 0.846875 0.0515625 0.0640625
2 0.496875 0.81171875 0.059375 0.0640625
2 0.2453125 0.5453125 0.065625 0.04375
3 0.159375 0.0796875 0.0140625 0.021875
2 0.1765625 0.040625 0.0359375 0.0578125
1 0.375 0.63046875 0.025 0.0203125
1 0.2359375 0.57421875 0.0328125 0.0265625
1 0.1484375 0.80859375 0.028125 0.025
1 0.546875 0.6765625 0.028125 0.0296875
1 0.58203125 0.63046875 0.0203125 0.025
1 0.73359375 0.59453125 0.0296875 0.0265625
1 0.71640625 0.31875 0.025 0.03125
1 0.8640625 0.36171875 0.0265625 0.0328125
5 0.69453125 0.77734375 0.0296875 0.0265625
5 0.73671875 0.74296875 0.0296875 0.0296875
5 0.7171875 0.48125 0.028125 0.03125
5 0.67421875 0.4765625 0.0203125 0.0203125
3 0.203125 0.63359375 0.0140625 0.0234375
3 0.23671875 0.6328125 0.021875 0.01875