2 0.4875 0.56015625 0.0375 0.0734375
2 0.99140625 0.68203125 0.0171875 0.1046875
1 0.16171875 0.36015625 0.1375 0.1703125
1 0.25859375 0.32890625 0.128125 0.13125
1 0.3421875 0.27578125 0.09375 0.071875
1 0.01484375 0.34453125 0.0296875 0.15
1 0.4109375 0.50546875 0.021875 0.0171875
1 0.471875 0.5015625 0.03125 0.0453125
1 0.59921875 0.4375 0.025 0.01875
1 0.80625 0.46640625 0.021875 0.025
1 0.76796875 0.4984375 0.01875 0.01875
1 0.99375 0.59765625 0.0125 0.0375
2 0.81171875 0.49765625 0.01875 0.04375