1 0.34375 0.1578125 0.02265625 0.02734375
1 0.22578125 0.20078125 0.02109375 0.021875
1 0.38828125 0.2140625 0.02109375 0.01875
1 0.225 0.34375 0.03515625 0.0203125
1 0.0140625 0.37890625 0.01953125 0.0140625
1 0.34921875 0.5796875 0.02890625 0.0171875
1 0.43671875 0.58828125 0.025 0.01875
1 0.47578125 0.6453125 0.02890625 0.02734375
1 0.54140625 0.6078125 0.02421875 0.03046875
1 0.31953125 0.68828125 0.021875 0.02265625
1 0.17265625 0.7296875 0.03984375 0.02578125
1 0.65703125 0.53671875 0.02109375 0.0203125
1 0.94609375 0.1609375 0.0125 0.0203125
1 0.975 0.23671875 0.0078125 0.01796875
2 0.95625 0.2265625 0.02109375 0.05
2 0.9421875 0.16953125 0.01875 0.028125
2 0.39375 0.24453125 0.0296875 0.02734375
2 0.3515625 0.18671875 0.0234375 0.025
2 0.2234375 0.22734375 0.02890625 0.0296875
2 0.22421875 0.3703125 0.028125 0.028125
2 0.34375 0.615625 0.0265625 0.040625
2 0.4359375 0.6203125 0.02421875 0.02890625
2 0.50390625 0.66875 0.04296875 0.03828125
2 0.55078125 0.63671875 0.04140625 0.03671875
2 0.67109375 0.5578125 0.03046875 0.02421875
2 0.3203125 0.7125 0.03828125 0.03046875
2 0.16875 0.7578125 0.034375 0.0234375
3 0.2171875 0.39453125 0.01171875 0.01328125
3 0.3828125 0.26875 0.009375 0.01953125
3 0.340625 0.203125 0.01328125 0.0140625
3 0.221875 0.24921875 0.01015625 0.0125
3 0.653125 0.58984375 0.0109375 0.01640625
3 0.684375 0.5984375 0.01328125 0.0125
5 0.484375 0.7453125 0.0234375 0.028125
5 0.5203125 0.72578125 0.015625 0.01796875
5 0.659375 0.621875 0.02265625 0.01953125
5 0.6703125 0.6109375 0.01328125 0.0171875
5 0.9328125 0.2109375 0.00625 0.01328125
5 0.94140625 0.215625 0.00859375 0.015625
5 0.38046875 0.309375 0.01328125 0.0140625
5 0.3953125 0.3078125 0.0109375 0.015625
5 0.3453125 0.2421875 0.01796875 0.0140625
5 0.36015625 0.23046875 0.0078125 0.01015625
5 0.2328125 0.28125 0.0203125 0.0125
5 0.24765625 0.4328125 0.0171875 0.0078125
5 0.2234375 0.4390625 0.01796875 0.0140625