1 0.7125 0.18671875 0.028125 0.03125
1 0.821875 0.25078125 0.025 0.025
1 0.6578125 0.23515625 0.0234375 0.021875
1 0.79765625 0.3921875 0.0390625 0.0265625
1 0.99453125 0.4640625 0.0109375 0.01875
1 0.6328125 0.6046875 0.0328125 0.021875
1 0.5453125 0.596875 0.028125 0.0234375
1 0.49609375 0.646875 0.034375 0.0328125
1 0.43828125 0.5984375 0.0296875 0.034375
1 0.64453125 0.71640625 0.025 0.0265625
1 0.78203125 0.7828125 0.04375 0.0328125
1 0.33515625 0.5078125 0.025 0.0234375
1 0.115625 0.08515625 0.015625 0.021875
1 0.07265625 0.1546875 0.0109375 0.01875
2 0.09296875 0.1484375 0.0296875 0.053125
2 0.1171875 0.09453125 0.0234375 0.03125
2 0.64765625 0.2640625 0.034375 0.0328125
2 0.69921875 0.21484375 0.028125 0.028125
2 0.81953125 0.27734375 0.034375 0.034375
2 0.79375 0.41875 0.0328125 0.0328125
2 0.63203125 0.63984375 0.0328125 0.0453125
2 0.53984375 0.62890625 0.028125 0.0328125
2 0.4640625 0.66484375 0.0484375 0.0453125
2 0.42421875 0.62578125 0.0484375 0.04375
2 0.31796875 0.52578125 0.034375 0.0296875
2 0.63828125 0.740625 0.04375 0.0359375
2 0.78046875 0.81171875 0.0375 0.0296875
3 0.79609375 0.44375 0.0140625 0.015625
3 0.6546875 0.28984375 0.0140625 0.0203125
3 0.7078125 0.2328125 0.015625 0.0171875
3 0.8171875 0.29921875 0.0125 0.0140625
3 0.33046875 0.5609375 0.0140625 0.01875
3 0.29765625 0.5640625 0.015625 0.0140625
5 0.4703125 0.74453125 0.028125 0.03125
5 0.4375 0.71796875 0.01875 0.0203125
5 0.31875 0.5921875 0.025 0.0234375
5 0.309375 0.57890625 0.0171875 0.01875
5 0.11875 0.13671875 0.0078125 0.0140625
5 0.11015625 0.13984375 0.0109375 0.0171875
5 0.65 0.33046875 0.0171875 0.0171875
5 0.63515625 0.32734375 0.0140625 0.0171875
5 0.69609375 0.2703125 0.0203125 0.0171875
5 0.68359375 0.25625 0.009375 0.0109375
5 0.80078125 0.32890625 0.021875 0.015625
5 0.759375 0.47578125 0.01875 0.0109375
5 0.7828125 0.48671875 0.0203125 0.0171875