2 0.70390625 0.36640625 0.03125 0.075
2 0.84609375 0.403125 0.04375 0.0625
2 0.72265625 0.6515625 0.0515625 0.0859375
2 0.55546875 0.7390625 0.0640625 0.071875
2 0.57734375 0.6890625 0.04375 0.0671875
2 0.3671875 0.6984375 0.0484375 0.059375
2 0.13046875 0.853125 0.0515625 0.0640625
2 0.49765625 0.81796875 0.0609375 0.065625
2 0.24296875 0.5484375 0.065625 0.04375
3 0.15625 0.07734375 0.0140625 0.021875
2 0.1734375 0.0375 0.0375 0.0578125
1 0.37421875 0.634375 0.025 0.0203125
1 0.23359375 0.578125 0.0328125 0.028125
1 0.1453125 0.81484375 0.028125 0.025
1 0.5484375 0.68125 0.028125 0.0296875
1 0.584375 0.63359375 0.0203125 0.025
1 0.7375 0.5984375 0.0296875 0.0265625
1 0.7203125 0.3203125 0.025 0.03125
1 0.86953125 0.36328125 0.0265625 0.0328125
5 0.69765625 0.7828125 0.03125 0.0265625
5 0.74140625 0.74765625 0.03125 0.0296875
5 0.72109375 0.484375 0.028125 0.03125
5 0.678125 0.4796875 0.0203125 0.0203125
3 0.2 0.6375 0.0140625 0.0234375
3 0.23359375 0.63671875 0.021875 0.01875