2 0.50078125 0.5390625 0.0359375 0.0703125
2 0.9875 0.65546875 0.025 0.1
1 0.1890625 0.346875 0.13125 0.16328125
1 0.28203125 0.3171875 0.12265625 0.125
1 0.36171875 0.26640625 0.0890625 0.06875
1 0.03203125 0.3328125 0.06328125 0.14296875
1 0.42734375 0.48671875 0.0203125 0.01640625
1 0.48515625 0.4828125 0.0296875 0.04296875
1 0.60703125 0.42109375 0.0234375 0.0171875
1 0.80546875 0.4484375 0.0203125 0.02421875
1 0.76953125 0.4796875 0.0171875 0.01875
1 0.98984375 0.57578125 0.01953125 0.03515625
2 0.8109375 0.47890625 0.01875 0.04140625