1 0.1328125 0.52734375 0.03984375 0.025
1 0.2078125 0.5453125 0.02578125 0.0375
1 0.33671875 0.50625 0.0203125 0.00859375
1 0.36484375 0.48046875 0.01796875 0.0265625
1 0.35078125 0.496875 0.0203125 0.01484375
1 0.4015625 0.509375 0.02109375 0.02265625
1 0.37734375 0.41875 0.01796875 0.01328125
1 0.4140625 0.421875 0.02265625 0.01328125
1 0.44609375 0.42109375 0.01015625 0.02109375
1 0.4453125 0.5390625 0.02890625 0.0328125
1 0.47578125 0.4703125 0.015625 0.01171875
1 0.48125 0.43984375 0.01328125 0.01640625
1 0.67890625 0.41484375 0.028125 0.0296875
1 0.66953125 0.5390625 0.03828125 0.04609375
1 0.59296875 0.5578125 0.02578125 0.02109375
1 0.5546875 0.540625 0.01796875 0.02265625
1 0.58515625 0.53359375 0.02890625 0.01640625
1 0.59296875 0.5 0.0125 0.01484375
1 0.653125 0.51015625 0.01328125 0.01796875
1 0.6734375 0.490625 0.01875 0.01953125
1 0.72421875 0.44296875 0.0203125 0.01640625
1 0.7390625 0.47109375 0.02265625 0.025
1 0.78046875 0.4890625 0.03125 0.03125
1 0.81328125 0.44609375 0.03125 0.0265625
1 0.79453125 0.41640625 0.03359375 0.0265625
1 0.9515625 0.4609375 0.04765625 0.0265625
1 0.878125 0.5 0.04375 0.0234375
2 0.33515625 0.63125 0.0578125 0.10703125