1 0.1375 0.41015625 0.0484375 0.0375
1 0.2109375 0.4484375 0.0359375 0.0453125
1 0.3546875 0.440625 0.0234375 0.0140625
1 0.38984375 0.421875 0.025 0.0328125
1 0.3703125 0.434375 0.025 0.0203125
1 0.4203125 0.4609375 0.028125 0.028125
1 0.41875 0.3609375 0.021875 0.01875
1 0.45625 0.3734375 0.0265625 0.01875
1 0.48984375 0.38046875 0.015625 0.0234375
1 0.45859375 0.50234375 0.0390625 0.0421875
1 0.50703125 0.4390625 0.01875 0.015625
1 0.52109375 0.409375 0.0171875 0.0203125
1 0.73203125 0.434375 0.0359375 0.0375
1 0.68984375 0.5609375 0.0515625 0.0578125
1 0.60625 0.56015625 0.03125 0.028125
1 0.5703125 0.5328125 0.0234375 0.0265625
1 0.60390625 0.5328125 0.034375 0.025
1 0.62109375 0.50078125 0.0171875 0.01875
1 0.68046875 0.5265625 0.01875 0.021875
1 0.70625 0.5109375 0.025 0.025
1 0.771875 0.475 0.025 0.021875
1 0.7796875 0.5078125 0.0296875 0.0328125
1 0.81796875 0.5375 0.040625 0.040625
1 0.86328125 0.50234375 0.0390625 0.0359375
1 0.8515625 0.46640625 0.0421875 0.0375
1 0.98671875 0.54921875 0.0265625 0.0328125
1 0.915625 0.5734375 0.0515625 0.0359375
2 0.3203125 0.56953125 0.0875 0.125