1 0.090625 0.6421875 0.0484375 0.0375
1 0.175 0.640625 0.0359375 0.0453125
1 0.3 0.565625 0.0234375 0.0140625
1 0.321875 0.53203125 0.0265625 0.0328125
1 0.3109375 0.553125 0.025 0.021875
1 0.3671875 0.553125 0.028125 0.0296875
1 0.31875 0.46484375 0.021875 0.01875
1 0.35859375 0.4578125 0.0265625 0.01875
1 0.39140625 0.44921875 0.015625 0.025
1 0.42109375 0.571875 0.0390625 0.0421875
1 0.43515625 0.4921875 0.0203125 0.015625
1 0.43359375 0.45859375 0.01875 0.0203125
1 0.63359375 0.38125 0.0375 0.0390625
1 0.65625 0.5140625 0.0515625 0.0578125
1 0.58125 0.55390625 0.03125 0.028125
1 0.53671875 0.5453125 0.025 0.028125
1 0.56640625 0.53046875 0.034375 0.025
1 0.565625 0.49296875 0.0171875 0.01875
1 0.63125 0.48828125 0.01875 0.021875
1 0.64765625 0.46171875 0.025 0.025
1 0.6890625 0.3984375 0.025 0.0234375
1 0.7109375 0.42421875 0.0296875 0.0328125
1 0.759375 0.43203125 0.040625 0.040625
1 0.7828125 0.3796875 0.0390625 0.0359375
1 0.75546875 0.35234375 0.0421875 0.0375
1 0.93125 0.35859375 0.05625 0.040625
1 0.86484375 0.41875 0.0515625 0.0359375
2 0.33046875 0.696875 0.0890625 0.1265625